79
50
5
9
68
100
26
33
15
34
71
66
96
69
61
31
15
56
90
40
76
71
76
36
67
91
42
48
66
62
32
55
23
35
89
70
8
98
60
74
98
84
38
23
64
65
29
18
45
63
21
27
98
74
54
38
96
50
45
55
8
7
71
25
87
61
97
5
67
20
34
68
1
75
71
23
100
39
6
35
36
59
94
30
69
84
94
15
57
9
99
7
3
28
81
28
26
6
72
67
51
65
43
38
61
5
71
71
21
38
23
36
14
54
10
14
21
25
71
64
100
44
9
9
57
67
27
88
56
23
97
28
7
18
4
3
22
75
69
27
19
97
21
28
49
82
11
26
55
90
61
59
33
72
26
74
52
66
24
32
66
80
7
99
40
44
6
22
29
75
83
54
10
1
15
97
20
70
75
4
42
2
50
49
32
29
44
85
39
36
59
65
44
42
75
53
6
89
100
92
37
26
12
76
77
6
31
92
98
69
82
96
54
57
85
26
33
99
1
26
51
65
22
48
63
86
81
64
43
77
19
60
37
88
77
78
62
81
85
70
10
25
33
70
61
37
49
25
25
68
77
48
87
20
21
62
23
12
88
18
97
16
36
70
87
59
51
46
15
37
31
20
31
95
72
28
34
7
32
23
23
87
79
80
76
25
64
14
43
1
92
54
50
45
23
53
16
70
90
43
33
38
1
58
57
52
62
85
34
96
9
54
46
21
30
38
53
13
98
90
43
15
19
7
68
12
44
89
76
10
5
9
67
43
39
39
21
31
57
37
30
78
32
92
65
66
32
100
85
55
18
42
38
60
76
83
5
62
96
3
40
82
15
68
14
52
84
30
48
12
26
68
24
18
9
62
5
45
97
67
79
19
62
75
9
74
21
85
95
87
95
94
43
76
4
54
83
78
73
1
17
21
96
100
32
35
96
49
10
39
20
13
98
26
36
6
100
75
12
73
96
43
22
80
45
76
99
69
74
81
91
9
36
89
91
27
76
78
56
76
35
20
34
93
89
100
41
57
83
82
78
5
93
73
25
97
18
37
8
83
60
19
64
68
58
22
44
80
58
57
7
35
87
18
63
56
32
48
62
11
5
46
96
67
36
91
5
71
72
35
54
26
59
31
93
85
48
37
72
66
1
89
60
6
23
91
96
34
71
10
12
21
50
39
50
77
60
54
40
2
89
10
92
13
46
56
24
63
37
96
100
41
96
96
82
44
41
90
95
68
55
79
31
49
17
47
86
13
79
29
28
51
28
56
13
66
35
21
25
67
90
66
39
28
88
80
1
60
25
94
77
60
88
98
48
51
16
13
59
5
36
93
90
72
25
39
23
88
15
73
19
88
30
61
79
48
2
91
90
42
46
28
94
67
1
76
82
40
84
80
8
9
5
37
78
69
18
66
22
61
51
64
83
34
61
80
4
23
24
38
71
87
91
64
52
59
23
74
83
67
84
35
36
55
32
7
63
6
84
90
55
48
8
18
91
11
3
17
41
7
54
36
2
9
40
25
43
59
11
76
77
70
53
29
22
91
39
33
93
1
37
34
17
44
93
65
45
14
83
70
100
83
86
52
45
66
97
30
38
85
4
37
20
24
25
42
79
96
24
31
80
46
10
37
71
22
57
53
38
5
7
43
99
20
80
81
15
54
76
34
82
25
54
93
18
16
59
39
84
69
40
84
99
89
70
65
100
66
9
3
32
80
53
20
21
8
97
29
61
63
41
90
92
27
86
56
18
19
33
36
31
11
52
75
54
20
100
4
33
74
39
62
96
29
29
61
33
4
78
66
47
30
55
18
30
48
71
16
23
78
47
83
20
67
78
33
84
10
76
53
15
52
52
55
81
52
40
43
88
83
17
27
96
43
78
29
33
74
35
77
36
32
94
46
46
79
56
57
62
76
36
38
67
92
31
27
70
30
20
47
71
28
24
7
25
34
82
22
8
39
15
66
67
34
24
72
48
55
55
76
76
90
67
9
42
45
14
16
20
6
88
85
17
67
4
11
99
87
4
31
19
91
95
40
15
91
85
1
43
82
33
68
64
64
83
49
24
45
48
88
67
15
52
33
73
8
14
31
33
62
23
7
46
49
7
36
24
49
69
39
42
55
67
71
66
74
78
77
96
68
45
92
18
57
87
40
70
37
25
54
46
4
87
15
73
12
43
9
28
16
49
32
87
71
41
44
76
8
31
31
5
72
99
44
66
99
6
17
25
28
14
1
74
63
65
84
1
90
18
5
71
27
12
18
68
94
61
64
91
48
